2,Revenge+of+Tribes,R.o.T,1,1,26,26,1171
3,Unicorn,ICON,14,14,11553,11553,160
4,A-C4S,A-C4S,1,1,251,251,1069
5,WipeOut,WIPE,36,39,63878,63878,5
6,Evolution,evolve,1,1,855,855,426
7,The+Woodpeckers,Specht,1,1,45,45,1170
8,Die+Alten,%7EDA%7E,34,34,22734,22734,84
9,UniSex,USX,3,3,1344,1344,355
11,Oberschnaxlinger+Krieger,%7EOK%7E,1,1,236,236,1083
14,Mothership,MS,1,1,26,26,1172
18,Wolfsblut,-W-,2,2,614,614,525
20,Virus,%7EV%7E,1,1,290,290,1040
22,BERSERKER,%3DB%3D,20,20,16995,16995,125
23,Salamo+Bratfett+mit+Salamo+ohne,FETT%21,2,2,986,986,393
24,TheGodblessed,TGB,20,20,17657,17657,119
27,Die+Unfassbaren,-DU-,38,39,44788,44788,20
29,PremiumPunkte,%3DPPF%3D1,39,39,23059,23059,81
30,PP+farmer,PP-F,40,40,18607,18607,109
32,Sackh%C3%BCpfen+im+Irrenhaus,sackii,2,2,52,52,1164
33,EMPIRE,-EMP-,28,28,19449,19449,101
37,Ritter+der+Tafelrunde,RdTr,31,31,23465,23465,80
38,Fachoberschule,FOS,10,10,7308,7308,202
40,ArcticVision,AcvN,33,33,12534,12534,155
42,%2AThe-Howling-Wolf%2A,%2ATHW%2A,15,15,8804,8804,185
43,Uraltes+Blatt,URB,9,9,11042,11042,163
45,Owning+You,oY,2,2,523,523,607
48,Son+of+Rome,Ryse,12,12,5147,5147,228
49,Farm+Club,5+LK,5,5,3655,3655,257
51,Freisenbruch,%5B279%5D,5,5,631,631,516
54,Flaggen-Tausch-Club,FTC,40,40,17428,17428,122
55,%2ADaily+Premiumpoints+Zocker%2A,%2ADAZO%2A,40,40,22323,22323,87
57,Way+up+high,WUH,2,2,1093,1093,382
58,Die+Krieger+Gondors,%7EDKG%7E,39,39,50242,50242,16
59,Mein+Stamm,MSt,1,1,591,591,542
60,MURX,MRX,1,1,309,309,1023
61,Crazy+Skippers,-%7C-%29,27,27,28137,28137,65
63,Pain,%7EP%7E,40,49,91035,91035,3
65,Divide+et+Impera,DEI,5,5,2137,2137,300
66,Storm+Elite+Revolution,S%7EE%7ER,5,5,1889,1889,316
67,Grenadier%2A1%2A,Gre%2A1%2A,14,14,8353,8353,195
68,phoenix+aus+der+asche,phoeni,3,3,1560,1560,338
69,Druff+im+Suff,%7EDiS%7E,36,36,25811,25811,70
70,New+World+Order,%7ENWO%7E,16,16,10181,10181,169
74,MeetYourMakers,MYM,30,30,30348,30348,55
75,Legend_Guards,%7E%5BLG%5D%7E,36,38,43676,43676,26
76,Shadow+Knights,%7CSK%7C,35,35,38624,38624,34
78,Odins+tote+Legion,%7EOtL%7E,18,18,8230,8230,196
80,Horde,Horde,34,34,26133,26133,67
83,Together+Everyone+Achieves+More,TEAM,25,25,21800,21800,94
85,GermanArmy,%2AGA%2A,2,1,352,352,950
86,K3inPl4nCH,kP-CH,4,4,2352,2352,290
87,Kriegsmacht+Preu%C3%9Fen,KrPr,1,1,26,26,1173
90,Senat-Nord,Sen-N,36,37,32490,32490,46
91,Heiliged+R%C3%B6misches+Reich,SPQR,1,1,104,104,1153
93,Schwestern+%2B+Br%C3%BCder,-S%2BB-,1,1,258,258,1091
94,Rock+N+Rolla,RNR,40,40,47137,47137,21
95,Pro+Basher,-Bash-,9,8,6450,6450,210
96,Black+Dragon,BLD,38,37,28196,28196,64
97,Die+Humanoiden+Krieger,DHK,32,32,25762,25762,69
98,Mad%2As+Mannen,MM,17,17,8838,8838,186
99,Blyat,Blyat,40,40,55648,55648,11
102,Gemeinsam+statt+einsam,Gse,36,38,29750,29750,60
103,B%C3%B6hse+Onkelz,Onkelz,40,40,38780,38780,32
104,DrTeddy14+und+Kompanen,14best,34,34,30685,30685,53
105,Einer+f%C3%BCr+alle%21,%2AWIR%2A,13,13,14959,14959,137
107,Die+Wikinger,-DW-,40,40,37218,37218,37
108,DieDoktoren,DD,30,30,19222,19222,104
112,ImmerErsteLiga,HSV,4,4,3967,3967,246
113,One+Man+Show,-OMS-,1,1,268,268,1056
115,die+musketiere,dmt,2,2,1528,1528,342
116,OLYMPIA,OLY,37,37,29750,29750,59
117,Binomis,Bino,4,4,3814,3814,253
118,OVER,-OV-,22,22,17654,17654,118
119,Der+Untergrund,Under1,12,12,5077,5077,229
120,BashBrothers,-BB-,38,39,50771,50771,13
121,New-World-Order,%2BNWO%2B,12,12,9655,9655,176
122,H%C3%A4schtak+Chinese+style,Hcs,5,5,3053,3053,266
123,Yallah+Habibi,YH,1,1,26,26,1174
124,Der+Sozialistische+Stamm,DSS,2,2,52,52,1165
125,BugsBunny,Bugs,38,43,81091,81091,4
126,Bikerbande,%7EBB%7E,2,2,849,849,430
132,Night+Raid,NR,1,1,48,48,1169
134,Nichts,zu+tun,29,29,18691,18691,108
135,Aramafrizzo,AF,9,9,6856,6856,206
139,The+Unforgiven,TU,24,24,18814,18814,106
140,Tribes+of+the+East,%7ETotE%7E,2,2,470,470,681
142,Loyal,%2B%2BL%2B%2B,25,26,21823,21823,91
143,Osmanli+Imparatorlugu,Gazi,3,3,2040,2040,305
144,%7E.Deadly+Nightmare.%7E,DEAD,20,20,12568,12568,154
147,TheOnlyOne,%7ETOE%7E,7,7,6723,6723,207
148,PP+-+Farmer,PP-s,1,1,484,484,662
151,BumBum,--O,1,1,129,129,1149
152,Die+Freibeuter,%7EFB%7E,16,17,13822,13822,144
153,H%C3%BClsenvernichtungskommando,H%C3%BClse,3,3,1256,1256,361
154,Soviet+Union,CCCP,2,1,1692,1692,333
156,Ready+2+Fight,R2F,10,9,4148,4148,243
158,Sonnenkinder,%2ASUN%2A,2,2,363,363,924
159,LouiLoui,LOUI,33,33,19617,19617,99
161,%2AComeback,%2ACb,5,5,6391,6391,214
163,Warte+es+kommt+gleich,WKG,2,2,148,148,1145
165,Die+Betrogenen,%2ADB%2A,2,2,1159,1159,372
166,Spa%C3%9Fverein+zum+fr%C3%B6hlichen+Gerd,SVG,12,12,6383,6383,211
167,Senat+II,Sen-N%C2%B2,21,21,14328,14328,140
169,The+Wolvesblood+Kingdom,%7EWBK%7E,13,13,7323,7323,203
170,Die+Gefallenen,-DG-,5,5,2006,2006,296
171,K%C3%B6nigreich+Rohan,%2BKR%2B,34,34,23567,23567,79
172,Back+to+the+Future,BttF,3,3,1241,1241,362
173,Owl-Sanctuary,OSY,11,11,5681,5681,220
174,GTV-RE,gtv,5,5,4476,4476,238
175,K%C3%B6nigreich+der+Verdammten,%7EKdV%7E,37,37,37476,37476,36
177,Vikings,%7CVK%7C,15,15,14791,14791,138
180,%7EBROTHERHOOD%7E,%7EHOOD%7E,30,30,22983,22983,82
181,Antwort_auf_alles,42,1,1,669,669,493
183,Mad%21%3F,Mad%21%3F,7,7,4591,4591,235
184,Die+Gef%C3%A4hrten,DieG,1,1,1544,1544,339
192,PremiumFarmer,PF,23,23,11043,11043,164
193,THE+PUNISHER,%7ETP%7E,2,2,614,614,526
195,New+Kids,-NK-,1,1,384,384,845
196,Premium+Point+Hunters,-PPH-,26,26,16144,16144,127
198,SuiciceSquad,%7ESCS%7E,35,35,30257,30257,57
199,Force+of+Doom,FoD,40,40,57252,57252,10
202,Questz,efq,2,2,1478,1478,345
203,Stamm+1.0,ST+1.0,30,30,20654,20654,95
204,Black+Stars,%7EBS%7E,38,38,43520,43520,27
206,DarkPa,DarkPa,20,20,15517,15517,132
207,Neuland,NFL,1,1,241,241,1076
210,187+for+live%21+1%2111,187%21,4,4,3038,3038,269
211,Bier+und+Frauen,BuF,1,1,264,264,1058
212,Is+MiCh+EgAl%21,EgAl%21,26,26,48384,48384,19
214,P.P.+%2B+Flaggen,PPF,9,9,3661,3661,255
217,Deff+und+Premium+Punkte,PP,3,3,2379,2379,288
219,Minen+30,Minen,40,42,38884,38884,33
220,Family+Business,XOXO,17,20,45591,45591,23
221,Moin+Moin,Moin,21,21,8955,8955,184
222,Der+schwarze+krieg,-dsk-,14,14,6848,6848,205
223,asda,asd,1,1,562,562,565
224,54hju57k76,k6k6k7,1,1,462,462,687
225,Babarenstamm,BS,3,3,1840,1840,320
232,Bash+and+have+Fun%21,%7EBF%7E,40,40,45764,45764,24
237,Pinkes+Fahrrad,%5BPF%5B,34,34,31398,31398,50
238,%7EALL%7E,All,36,39,61679,61679,7
242,Quest,QU,1,1,178,178,1130
244,Death+Factory,DF,18,21,30085,30085,58
246,Spartaner,300%21,1,1,413,413,766
247,Heinrich+der+L%C3%B6we,H+d+L,2,2,2077,2077,304
249,Rokovo,_RKV_,1,0,0,0,1176
252,pa+farm,pff,2,2,663,663,497
253,huhuuu,huuuu,1,1,364,364,919
254,gfdgdf,fg,1,1,146,146,1146
258,Dont+Fuck+With+Us,DFWU,15,14,9024,9024,183
264,Insulaner,IS,1,1,368,368,909
266,O2+Can+Do,O2Team,3,3,1734,1734,329
269,Peter+Pan+Farm,%2APP-F%2A,18,18,8440,8440,193
270,Die+Hackes,DH,2,2,374,374,887
277,BUKAKECREW,BKC,16,16,8554,8554,190
281,invincible,%5BIV%5D,1,1,611,611,527
284,EinfachDieSt%C3%A4mme,EDS,26,26,15745,15745,129
286,Unbesiegbar,--U--,35,35,36893,36893,38
287,PPFarming,_PPF_,40,40,22618,22618,85
291,Punkte+K%C3%A4mpfen+Nicht,PKN,4,3,2792,2792,275
292,Adlerschwinge,%2BAS%2B,18,18,9863,9863,174
294,dfaf,dfs,1,1,394,394,802
295,OrdendesFliesentisch,OdF,5,5,4292,4292,241
296,Camorra,-C-,3,3,3017,3017,268
297,Dummy,Dummy,30,30,23687,23687,78
301,Nameless,NoName,39,39,36297,36297,39
304,%7EYang%7E,%7EYang%7E,34,34,29487,29487,62
306,Support,sup,39,38,29453,29453,61
310,Terrorzwerge,%7ETZ%7E,1,1,1939,1939,318
312,kloi,kloii,1,1,882,882,423
314,Get+off+my+lawn%21,lawn,33,33,18526,18526,111
316,Ladet.mich+ein,LmE,1,1,88,88,1158
317,Old+School+Fighter,%7EOSF%7E,34,34,50591,50591,14
319,Nakatomi+Clan,Nak,3,3,864,864,424
322,Cool+Runnings,CR,19,19,15177,15177,136
324,ur+unnedig,-420%3F,25,25,22179,22179,89
326,-SynteX-,-SnTx-,34,34,25001,25001,72
328,Wir+organisieren+KATAStrophen,-WoK-,32,50,122161,122161,1
334,Ladenh%C3%BCter,Jahu,1,1,555,555,573
335,Tbits+Stamm,Tbits,4,4,3346,3346,261
337,wir+alten,-wa-,2,2,1188,1188,365
338,la+mafia,mafia,1,1,883,883,417
339,Quest111,Qst,1,1,391,391,820
342,Styrian+Guys,%7EStG%7E,7,7,4849,4849,232
352,One_Man_Show,%21OMS%21,1,1,442,442,714
353,Die+Borg,-BORG-,1,1,496,496,645
354,La+Familia,Fam,34,35,38797,38797,35
361,ffff,fff,1,1,278,278,1051
362,Butzfrauen,Zewa,3,3,2168,2168,298
366,Beweglich,Eisern,2,2,2039,2039,306
367,FOXY,FXX,1,1,444,444,712
368,Nur+du+und+der+Stamm,NdudS,34,34,20512,20512,96
369,-Rom-,SPQR%21,39,39,43585,43585,25
370,Tribunal,%7ETRIB%7E,1,1,681,681,486
372,Wolfpack,WOLF,33,33,34137,34137,42
374,Bubble,Bubble,4,4,3322,3322,263
378,UltraVeterans,-UV-,27,27,15828,15828,128
380,Cookie+Krieger,Cookie,40,40,50149,50149,17
381,OOooOO,OOooOO,1,1,904,904,412
382,%7EDie+Starks%7E,%7EDS%7E,22,22,12831,12831,153
384,De+ewig+Duaschtigen,%7EDeD%7E,16,16,11264,11264,162
387,GummiBoot,Boot,1,1,394,394,803
393,%C3%84xte,%7EAxt%7E,1,1,185,185,1127
394,%2AThe+New+World%2A,%2ATNW%2A,14,14,8608,8608,187
395,Dunkle+Legion,-DL-,1,1,1184,1184,366
399,Warlords,WAR,1,1,620,620,520
402,PA+Sammeln,%7EPA%7E,10,10,3533,3533,259
406,schlampe,BITCH,40,40,27197,27197,66
409,Westeros,Wester,1,1,172,172,1137
411,Die+dunkle+Bruderschaft,DDB,30,30,20545,20545,97
416,FEAR,FEAR,2,2,405,405,780
418,Black+Devil,%7EBD%7E,29,30,36227,36227,40
421,Wayne+Incorporated,W-Inc,30,30,58990,58990,8
427,PeakyBlinders,-PB-,18,18,18549,18549,110
428,Odins+Erbe,OdE,7,7,3329,3329,262
434,Yyyy,Yyyy,1,1,479,479,671
436,Farm,PPs,37,37,17690,17690,120
438,NoEscape,-NoE-,35,35,30704,30704,54
451,Reich+der+W%C3%B6lfe,%3DRW%3D,1,1,589,589,546
454,PP+Farmer%21,PP+Fam,40,40,21734,21734,92
459,Lonely+Times,Lolita,35,35,34218,34218,41
460,Quest+Stamm,QS,1,1,935,935,402
462,dddd,dddd,1,1,514,514,621
463,Allein,Allein,1,3,5198,5198,234
465,asdfasdf,asdf1,1,1,1169,1169,369
467,ASDFd,ASe,1,1,166,166,1140
471,UCOM,UCOM,3,3,1827,1827,322
473,Wir+zerkleinern+Holz,H%21,6,6,3910,3910,247
475,Verteidigen+ist+langweilig,VIL,1,1,809,809,439
477,PP_Farm,PPfarm,1,1,592,592,540
478,IMPERIA,PP+%7EI%7E,8,8,4353,4353,240
484,pp+farm,pp+far,2,2,1360,1360,353
485,Erster+Stamm,%2AES%2A,1,1,475,475,675
486,Karma,Karma,16,16,14297,14297,141
487,Pittbulls,%7EPIT%7E,11,11,8018,8018,197
489,dfggfd,fgfg,1,1,211,211,1103
493,In+Dubio+Pro+Reo,%7EIDPR%7E,18,18,21201,21201,93
494,Starks,Starks,3,3,2856,2856,273
499,Jetzt+oder+nie,Jon,1,1,562,562,566
500,The+Purge,Purge,6,6,2006,2006,308
501,League+of+Legends,lol,6,6,19321,19321,103
511,Freie+Siedler,%7EFS%7E,9,9,7664,7664,200
514,Bujakatonga,BUJA,17,17,10054,10054,170
516,Halo+i+bims,VONG,32,32,32638,32638,45
517,RISIKO,RISIKO,26,29,46813,46813,22
524,W%C3%B6lfe,-W%C3%96-,12,12,18717,18717,107
527,eintracht,btsv,5,5,2919,2919,272
529,Destroyer,%7EDTR%7E,24,24,22770,22770,83
532,SSWD,SSWD,1,1,324,324,1000
533,Legionis+Fortis,LEFO,6,6,5492,5492,222
534,Restart,-Next-,13,13,12416,12416,158
537,%7EPP-Farmer%7E,%7EPPF%7E,10,10,5005,5005,231
542,5426,56,1,1,605,605,535
544,Die+Unfassbaren%C2%B2,-DU%C2%B2-,27,27,15442,15442,133
547,Franken,FRA,1,1,1129,1129,375
548,Die+Nachtwache,%7EDNW%7E,18,18,14154,14154,142
555,Das+M%C3%A4usevolk,Maus,38,39,52066,52066,12
556,No+Limits,NL,6,6,2738,2738,277
557,BIO-Laden,Farm,2,2,1164,1164,367
559,Ahmads,Ag,1,1,571,571,555
562,Super,Hallo,1,1,571,571,556
565,Die+Horde,-DH-,1,1,535,535,644
573,I+Love+Allentsteig,T%C3%BCpl+A,5,5,3003,3003,270
574,Mit+frundlichen+Gr%C3%BC%C3%9Fen,MfG,2,2,1941,1941,314
575,Game+of+Thrones,GOT,1,1,366,366,913
577,Walaha,Supi,1,1,571,571,557
578,SOLO,123,1,1,850,850,429
580,Halilo,Lolo,1,1,571,571,558
581,asdasdaaadad,sssss,1,1,298,298,1033
583,IchAG,IAG,1,1,400,400,789
584,sadasada,sada,1,1,298,298,1034
586,Planlos,%2APL%2A,1,1,381,381,851
587,....,...,1,1,415,415,759
589,Royal+Bunker,RB,1,1,651,651,500
590,kein+interesse,%21NO%21,1,1,977,977,395
592,Fuffi,Ok,1,1,642,642,507
596,ProfDrRichtigWichtig,Po,1,1,647,647,502
597,Lacoste,LC,39,39,50055,50055,18
599,%23KFC,Ki,1,1,647,647,503
600,Wallah,Super,1,1,571,571,559
602,Ismir+Egal,IE,10,9,4729,4729,233
603,Persisches+Reich,%7EPR%7E,11,11,9083,9083,182
604,High+School,-HS-,28,35,104377,104377,2
605,A+wie+%3F,%7EAAA%7E,6,6,3020,3020,267
606,Tkkg,Kg,1,1,610,610,529
607,Blacklist,BL,28,28,31222,31222,51
610,Wajjab,Superr,1,1,571,571,560
612,Supertoll,Supaa,1,1,571,571,561
613,Buna+salut,Buna,1,1,571,571,562
614,Sun+Tsu,%2AST%2A,1,1,796,796,437
615,Stamm,Stamm,1,1,174,174,1134
616,Furierova+transformacija,FT,1,1,302,302,1028
619,Warrior+of+Hell,W.o.H,15,15,8475,8475,192
621,-RAG-,-RAG-,1,1,1041,1041,384
622,MittelErde,ME,2,2,976,976,396
623,Renee,Ne,1,1,650,650,501
631,Bla+bla,Bla,1,1,1512,1512,343
633,FreiBier+Initiative,%3DFBI%3D,37,42,61711,61711,6
634,Master+of+Desaster,%7EMOD%7E,1,1,436,436,721
636,Kampf+f%C3%BCr+Spa%C3%9F,KfS,2,2,873,873,422
640,White+Tiger,Byakko,6,5,3664,3664,256
641,Formel+1,F1,1,1,288,288,1041
643,DerStamm,DS,19,18,9946,9946,173
647,Akatsuki,%7EAKA%7E,2,2,449,449,705
648,G%C3%B6ttliche+Rebellen,%7EGR%7E,14,14,8489,8489,191
649,Die+Strohhut+Piraten,%7EDSP%7E,1,1,488,488,657
652,Sippe+Heldenhammer,SH,1,1,2594,2594,281
653,SunTsu,SunTsu,6,6,6664,6664,208
655,Legends,Lgs,4,4,1755,1755,326
657,4PPo,%2APP%2A,1,1,988,988,392
660,Primal+Legion,-PL-,19,19,25668,25668,75
661,xhdfng,fghdf,1,1,371,371,899
662,Heiler+Krug,Hegu,2,2,242,242,1074
664,Gdgsgd,Ggg,1,1,460,460,691
665,Last+Scouts,-LS-,7,7,2588,2588,283
666,schaun+wir+mal,swm,1,1,892,892,416
668,PP+FARMERS+UNITE,PPFU,2,2,542,542,580
675,Kuba,Kuba,1,1,611,611,528
679,48282,482,5,5,2577,2577,282
683,Ramonas,Ramona,1,1,415,415,760
687,Devils+Brother,Devil,28,29,31418,31418,52
688,Alte+Bekannte,AB,24,25,25060,25060,71
689,The+fearless+conqueror,%7EFEAR%7E,2,2,1477,1477,347
690,WOA%21,Wacken,2,2,1754,1754,327
692,KILLER,%2B%28K%29%2B,1,1,1156,1156,376
694,OneManAlone,OMA,1,1,586,586,541
695,Tiki-Bar+Federation,%2ATBF%2A,12,12,10218,10218,168
696,Die_Macht,D_M,2,2,774,774,443
706,Pakt+der+W%C3%B6lfe,PDW,6,6,3465,3465,260
708,Viva+La+187,%7EViva%7E,9,9,5971,5971,219
712,Otakus,%2AO-K%2A,3,3,1663,1663,334
717,Walhalla,%2AW%2A,33,33,32218,32218,48
719,Frontschweine,FROSCH,27,27,32341,32341,47
720,BlackDragons,-BD-,26,26,17881,17881,117
722,Babylon+5,BB%7E5,1,1,358,358,936
724,Blood-Revenge,%7EB-R%7E,1,1,397,397,799
730,TBOS,TBOS,3,3,1500,1500,344
731,MeetYourMakers%C2%B2,MYM%C2%B2,16,16,12877,12877,152
733,Premium+farmen+for+the+win,Pfftw,1,1,954,954,398
735,Spartania,120774,1,1,176,176,1132
738,Deff+was+sonst%3F,NoFarm,5,5,3827,3827,252
745,Gambler,%7EGB%7E,2,2,1625,1625,337
748,Rumkugeln,RmKgln,4,4,1108,1108,379
749,Deutschritterorden,%2BDRO%2B,1,1,979,979,400
752,Keine+Ahnung,KaAh,1,1,770,770,445
753,7bacca7+Dorf,444,1,1,333,333,974
754,AydinEfesi09,Aydin,17,17,14131,14131,147
757,Hobgg,Vgnkhg,1,1,480,480,669
760,BashBataillon,%2ABBN%2A,15,15,12428,12428,157
761,PPFarmer,prem,1,1,233,233,1085
765,Energie,Nu-NRG,1,1,390,390,841
768,Fuerza+la+Celeste,URU,8,8,10130,10130,171
769,uh9uh,ji0,1,1,502,502,637
771,RagnaRock,RR,3,3,1527,1527,341
773,Goldsch%C3%BCrfer,GS,1,1,631,631,523
774,PP+farmen,-ppf-,1,1,304,304,1026
777,Pegasus,PEG%21,7,7,2380,2380,289
779,Herren+des+Untergangs,HdU,7,7,4303,4303,242
780,98764,987654,1,1,591,591,543
782,97005,56285,1,1,696,696,479
783,Kampfkatzen,-KK-,2,2,779,779,441
787,Schafsherde,-SH-,1,1,675,675,492
788,Wasserknispel,%7EWK%7E,16,16,12993,12993,151
789,%2AE%2Al%2Ai%2At%2Ae%2A,%2AE%2A,35,35,24387,24387,74
791,One+Woman+Army,%2AOWA%2A,3,3,2079,2079,302
794,91630,94880,1,1,503,503,632
795,51291,11696,1,1,482,482,663
796,nur+ich,_ni_,1,1,424,424,738
797,99680,18590,1,1,392,392,811
798,keinermachtdenkevin,kmdk,2,2,1034,1034,385
800,L+etat+c+est+moi,CHS,1,1,731,731,460
801,57582,70280,1,1,386,386,831
802,85892,35254,1,1,590,590,544
804,69274,99583,1,1,526,526,602
805,-Wurst-,WST,1,1,173,173,1136
809,51798,26398,1,1,512,512,624
812,13312,54508,1,1,471,471,679
813,21113,21107,1,1,423,423,739
814,30532,75588,1,1,590,590,545
815,70270,58311,1,1,418,418,754
816,52497,73751,1,1,392,392,812
818,10839,37211,1,1,501,501,641
819,20567,87144,1,1,532,532,597
820,42781,51766,1,1,418,418,755
821,yxyx,yxyx,1,1,315,315,1015
822,56752,53847,1,1,495,495,647
823,afsa,safas,1,1,318,318,1009
824,25115,82640,1,1,521,521,610
826,87789,37493,1,1,376,376,867
827,4+Knights,4+%7E+K,4,4,2496,2496,286
828,25804,78273,1,1,526,526,603
829,asfa,asfaf,1,1,346,346,953
830,55865,17550,1,1,448,448,708
831,93137,37518,1,1,454,454,700
832,97454,70316,1,1,449,449,706
833,76078,99253,1,1,408,408,774
834,38605,60463,1,1,542,542,581
835,36032,22399,1,1,431,431,726
838,TheDevilInside,%7ETDI%7E,1,1,730,730,461
839,29010,37411,1,1,501,501,642
840,62451,40317,1,1,446,446,709
841,70166,36611,1,1,506,506,630
842,28254,49251,1,1,364,364,920
843,38692,44587,1,1,419,419,751
845,72368,87819,1,1,406,406,779
846,11218,66531,1,1,521,521,611
847,49096,43549,1,1,489,489,653
848,78670,57886,1,1,393,393,810
849,76898,56226,1,1,423,423,740
851,45716,70041,1,1,402,402,786
852,46786,93154,1,1,503,503,633
854,61092,30542,1,1,400,400,790
855,78360,60209,1,1,526,526,604
856,23069,18151,1,1,598,598,536
857,PPsammler,%2FPPS%2F%2F,3,3,1003,1003,389
858,65434,34005,1,1,418,418,756
859,88964,20375,1,1,376,376,868
860,37463,84900,1,1,606,606,532
861,93474,35852,1,1,400,400,791
862,93051,43923,1,1,507,507,627
863,75482,66115,1,1,539,539,583
864,61147,79413,1,1,560,560,569
865,42843,24193,1,1,390,390,822
866,82225,77099,1,1,556,556,571
867,40592,82693,1,1,415,415,761
870,94446,91822,1,1,481,481,665
871,79280,38295,1,1,503,503,634
872,53256,12022,1,1,532,532,598
873,31680,21171,1,1,425,425,737
874,18545,14849,1,1,486,486,659
876,28525,73500,1,1,466,466,684
877,29512,18438,1,1,547,547,578
878,48014,84241,1,1,485,485,661
880,91283,14613,1,1,400,400,792
881,26905,59565,1,1,415,415,762
882,50389,90505,1,1,394,394,804
883,Die+Bewahrer+der+Lara,Lara,3,3,1943,1943,312
884,49497,48048,1,1,512,512,625
885,40517,44917,1,1,502,502,638
886,wiesoweshalbwarum,wwh,2,2,52,52,1166
887,21998,54364,1,1,521,521,612
888,39025,82611,1,1,404,404,783
890,Bimbo+Bauernhof,BiBa,2,2,1067,1067,383
892,60938,95799,1,1,332,332,976
893,23361,77255,1,1,390,390,823
894,Pr%C3%A4torianer,Pr%C3%A4tos,5,5,2449,2449,287
895,64540,73183,1,1,478,478,672
896,68454,39824,1,1,553,553,575
897,47770,67820,1,1,468,468,682
898,59716,93507,1,1,446,446,710
899,53052,85069,1,1,421,421,746
900,16602,67689,1,1,492,492,651
901,50665,60658,1,1,426,426,735
902,37002,72092,1,1,405,405,781
903,60275,23891,1,1,482,482,664
904,35869,81473,1,1,458,458,695
905,24949,53223,1,1,395,395,801
906,48317,89534,1,1,421,421,747
909,84688,83428,1,1,457,457,698
910,81432,35724,1,1,740,740,456
911,10185,70277,1,1,526,526,605
912,Das+dreckige+Dutzend,DDD%3A%2A,1,1,875,875,421
913,63420,89304,1,1,529,529,599
914,80914,58356,1,1,292,292,1037
915,41402,19517,1,1,412,412,769
916,18995,33737,1,1,294,294,1036
919,59450,60198,1,1,381,381,852
920,86385,63893,1,1,431,431,727
921,Uggjjbg,Cgbmvg,1,1,411,411,771
922,61192,58389,1,1,542,542,582
923,15999,35142,1,1,556,556,572
924,84512,81046,1,1,481,481,666
925,13340,33529,1,1,533,533,591
926,78752,35657,1,1,386,386,832
927,76520,17302,1,1,367,367,912
929,92362,88944,1,1,421,421,748
930,40439,82499,1,1,533,533,592
932,81828,46813,1,1,460,460,692
933,88452,23478,1,1,459,459,693
934,19523,34520,1,1,438,438,716
936,66151,41793,1,1,503,503,635
939,A-O-V,AOV,1,1,1152,1152,370
943,58427,53836,1,1,413,413,767
944,79837,11804,1,1,533,533,593
945,72355,26105,1,1,720,720,466
946,11031,66187,1,1,403,403,784
947,72470,38915,1,1,426,426,736
948,21164,93596,1,1,363,363,925
949,Akron,Akron,1,1,481,481,667
950,74528,93230,1,1,386,386,833
951,73145,45938,1,1,400,400,793
952,64348,51940,1,1,466,466,685
953,83609,69178,1,1,388,388,825
954,49472,85821,1,1,539,539,584
955,76112,36142,1,1,490,490,652
957,26422,97619,1,1,392,392,813
958,12696,76846,1,1,502,502,639
959,22286,91643,1,1,464,464,686
960,30362,83201,1,1,606,606,533
961,58085,54464,1,1,560,560,570
962,30938,88872,1,1,423,423,741
963,54811,22703,1,1,446,446,711
966,42677,28150,1,1,474,474,676
967,43998,60555,1,1,412,412,770
968,47755,80434,1,1,568,568,563
969,16352,59666,1,1,617,617,522
970,24883,84147,1,1,346,346,954
971,82030,96150,1,1,454,454,701
973,31769,87277,1,1,385,385,842
974,37452,29365,1,1,375,375,882
976,78619,30028,1,1,437,437,719
977,96274,55033,1,1,375,375,883
978,60961,39564,1,1,489,489,654
979,71131,67233,1,1,507,507,628
980,Die+Unbelehrbaren,DUN,2,2,699,699,477
981,71948,67291,1,1,539,539,585
983,33076,81466,1,1,362,362,931
984,34078,27145,1,1,539,539,586
985,72349,92891,1,1,586,586,547
986,10985,73476,1,1,400,400,794
987,76706,53947,1,1,414,414,764
988,21569,59464,1,1,430,430,729
989,FaMe,FM,31,31,41232,41232,30
990,54601,32453,1,1,386,386,834
991,85559,30642,1,1,533,533,594
992,95558,33925,1,1,388,388,826
993,22639,95855,1,1,392,392,814
994,Saufen+Ohne+Sinn,SOS,6,6,3988,3988,245
997,30604,80203,1,1,586,586,548
1000,28360,25276,1,1,394,394,805
1001,26113,57900,1,1,458,458,696
1003,68898,27752,1,1,699,699,478
1005,20991,78715,1,1,376,376,869
1006,11813,93164,1,1,568,568,564
1007,15249,40919,1,1,400,400,795
1008,asdasd,sss,1,1,433,433,724
1010,27261,56689,1,1,386,386,835
1011,57211,93347,1,1,427,427,733
1013,35551,35897,1,1,392,392,815
1014,31744,65681,1,1,606,606,534
1016,43542,27669,1,1,526,526,606
1017,j%2C%2C%2Ck.vh,hzt,1,1,311,311,1020
1018,87737,91257,1,1,452,452,703
1019,91446,57557,1,1,442,442,715
1020,70532,39677,1,1,427,427,734
1022,-404-,Error,3,3,1819,1819,323
1024,35876,63459,1,1,418,418,757
1025,57223,49034,1,1,513,513,623
1027,Nex+Generation+Bashing+Club,%2ANGBC%2A,1,1,332,332,977
1028,xcyxxknkjhn,yxyxxy,2,2,1033,1033,386
1029,35492,87249,1,1,399,399,796
1030,13752,79579,1,1,523,523,608
1031,50713,90434,1,1,449,449,707
1032,22092,10001,1,1,586,586,549
1033,81114,38600,1,1,373,373,891
1034,77870,24479,1,1,383,383,846
1035,61768,40230,1,1,372,372,895
1036,G%C3%B6tter+der+Welt,GDW,40,40,19424,19424,102
1037,56027,31237,1,1,521,521,613
1038,52106,17203,1,1,539,539,587
1039,50821,62304,1,1,394,394,806
1040,84340,34523,1,1,486,486,660
1041,67054,35785,1,1,381,381,853
1042,53642,62633,1,1,504,504,631
1043,37515,15866,1,1,388,388,827
1044,56240,77642,1,1,370,370,901
1045,76271,11827,1,1,489,489,655
1046,60643,22645,1,1,539,539,588
1047,20362,96701,1,1,394,394,807
1049,ES+eskaliert%21,187,2,2,1716,1716,332
1050,66775,47800,1,1,533,533,595
1051,nurpp,nurpp,1,1,317,317,1013
1052,87923,58074,1,1,548,548,577
1054,64126,40361,1,1,502,502,640
1055,69554,54063,1,1,438,438,717
1056,31291,41448,1,1,515,515,619
1057,Die+Piraten,Pirat,40,40,31490,31490,49
1059,EmpireKingdom,%2AE%7EK%2A,33,33,25050,25050,73
1060,98635,16564,1,1,386,386,836
1061,15508,48741,1,1,386,386,837
1062,50217,80245,1,1,517,517,617
1064,Heiliges+R%C3%B6misches+Reich,HRR,37,37,17471,17471,123
1065,95637,13392,1,1,431,431,728
1066,10175,82666,1,1,533,533,596
1071,fghfh,fhfh,1,1,205,205,1113
1072,34042,33715,1,1,701,701,476
1073,Premium+Punkte+Power+Farming,%7EPPPF%7E,40,40,22357,22357,86
1074,Schlangengrube,Gift,2,2,711,711,472
1075,88194,69619,1,1,390,390,824
1076,Threesome,----3,2,2,2644,2644,279
1077,80963,71637,1,1,516,516,618
1078,Oberwalliser+Ch%C3%A4sb%C3%BCebu,Cheese,5,5,2082,2082,301
1081,Strassenbande,S187S,22,22,12533,12533,156
1082,99950,31062,1,1,754,754,451
1083,Haus+Stark,HS,17,17,14423,14423,139
1085,ichbinich,ibi,1,1,507,507,629
1086,29390,81634,1,1,472,472,678
1087,Br%C3%BCder+von+Dobrin,BvD,2,2,1277,1277,359
1088,13219,36706,1,1,381,381,854
1091,60128,82671,1,1,392,392,816
1093,97470,50849,1,1,503,503,636
1094,37046,85221,1,1,373,373,892
1096,Barbiepuppenkopfabbei%C3%9Fer,BPKA%21,1,1,882,882,419
1097,94817,63160,1,1,496,496,646
1098,98017,57512,1,1,394,394,808
1099,CLEAN+INC.,CLEAN,19,19,18074,18074,115
1101,27796,92704,1,1,385,385,843
1102,Achselschweiss,Mief,1,1,1182,1182,373
1105,Die+Glorreichen+36,36,35,35,25712,25712,68
1106,48575,69889,1,1,419,419,752
1107,ElitePartner,EP,39,39,13544,13544,145
1108,76790,88732,1,1,761,761,448
1111,69057,96341,1,1,450,450,704
1112,OLYMPIA2,OLY2,14,14,8594,8594,188
1113,71982,24232,1,1,363,363,926
1114,in+the+End,itE,2,2,1938,1938,313
1115,49232,33109,1,1,759,759,449
1117,89929,50450,1,1,408,408,775
1122,DieFliegendenHy%C3%A4nen,HueHue,2,2,720,720,467
1128,26835,73563,1,1,725,725,464
1131,r%C3%A4cher+der+enterbten,rde,12,12,6623,6623,209
1132,48737,95952,1,1,759,759,450
1133,Fuck+the+World,FTW,12,13,24283,24283,76
1138,42565,14418,1,1,762,762,446
1139,Enigma,%7EE%7E,9,9,6367,6367,215
1145,R%C3%B6misches+Reich,%7ERR%7E,5,5,2737,2737,278
1146,Crusher-Gilde,CRUSH,33,33,28573,28573,63
1147,qwer,qwer,1,1,287,287,1044
1150,Grow+faster+than+Weed,420%21,1,1,562,562,567
1152,97568,13477,1,1,365,365,914
1154,42416,74482,1,1,363,363,927
1155,93007,61549,1,1,363,363,928
1157,10901,70627,1,1,578,578,550
1158,74710,12189,1,1,338,338,965
1159,420+Army,%21420%21,38,38,18101,18101,114
1161,PPKlicker,PK,1,1,193,193,1120
1162,Wanderer,xx,1,1,463,463,699
1164,Moron,Moron,18,18,15347,15347,134
1165,sdasdassadas,sadasa,1,1,362,362,932
1167,KATAStrophale+Rentner,-WoK-R,38,38,41908,41908,29
1172,Why+So+Serious%3F,Joker,18,18,13155,13155,150
1174,7447,7447,1,1,489,489,656
1175,Druff+im+Suff%C2%B2,%7EDIS%C2%B2%7E,3,3,1637,1637,331
1176,96971,12064,1,1,762,762,447
1177,95472,40165,1,1,343,343,956
1181,KartenRandRokerzz,%2AKRR%2A,1,1,317,317,1014
1183,11976,15757,1,1,723,723,465
1185,BarriWhite,Bw,1,1,336,336,971
1188,94289,17717,1,1,753,753,452
1189,Die+Oradigen,%2ADO%2A,15,15,9711,9711,175
1190,Wbn+GiGanTic,Gigant,40,40,32789,32789,44
1191,Premium+Family+Clan,PFC,3,3,2594,2594,280
1192,NICHTS+ZU+HOLEN,NZH,2,2,572,572,552
1195,P%C3%B6se+III,III,1,1,320,320,1024
1199,72463,82751,1,1,726,726,463
1205,Gewinns,Profit,3,3,1997,1997,309
1206,Shadow+Knights%C2%B2,%7CSK%C2%B2%7C,29,29,24065,24065,77
1207,mccs,mc,1,1,504,504,649
1209,diesel,kl,1,1,533,533,600
1211,Suicide+Squad,-SQ-,35,37,58617,58617,9
1212,Just+for+Quest,%2AJfQ%2A,1,1,508,508,626
1213,Sakrileg,SKG,1,1,410,410,772
1214,Senju,SEU,5,7,11333,11333,161
1215,OneManArmy,OMA%7E,2,2,836,836,432
1218,schmetterling,sc,1,1,615,615,524
1219,Audi,BMW,1,1,332,332,978
1222,Eisb%C3%A4ren,%2AEB%2A,1,1,326,326,998
1226,AURORA,AURORA,2,2,917,917,409
1227,Bayern,bay,1,1,257,257,1062
1232,GameOver%21%21%3F%3F,GO%21%21%3F%3F,1,1,853,853,433
1233,G%C3%BCnther,g%C3%BCnni,3,3,1818,1818,324
1235,Lyuhhk,Vhbgcf,1,1,355,355,940
1239,DieHardcoreGermanen,%7EDHG%7E,12,12,10407,10407,167
1241,one+man+lose,oml,1,1,926,926,407
1242,Erftstadt,SCF,1,1,98,98,1157
1243,Hajdjsh,Bjnkml,1,1,391,391,821
1244,Altersheim,-AH-,2,2,1850,1850,319
1245,Honk,Honk,1,1,637,637,509
1249,not+in+list,NIL,1,1,242,242,1075
1250,Friesheim,SCSWF,2,2,598,598,537
1251,COCK,8%3D%3DD,27,27,19011,19011,105
1254,Royal+Basher,R+B,1,1,1150,1150,371
1255,asds,asad,1,1,421,421,749
1256,hgffdsd,gffdsd,1,1,405,405,782
1257,gffdd,frsrs,1,1,408,408,776
1259,Bash+BroS+Zwo,BB-Zwo,37,37,43284,43284,28
1261,4234234,234234,1,1,380,380,861
1267,CharlysFreihandelszone,CFZ,1,1,437,437,720
1269,hjhh,hjh,1,1,203,203,1114
1270,Premiumpunktesammler,PPSa,7,7,3150,3150,265
1279,tester,tester,2,2,1005,1005,388
1282,BalticSeaBrawler,BSB,1,1,863,863,427
1283,Germanen,GER,1,1,633,633,512
1285,Affenk%C3%A4fig,AFFE,1,1,632,632,515
1287,test,halloo,1,1,422,422,744
1288,Sturm%C3%A4ntel,Nord,2,2,1139,1139,374
1290,Stronghold,I-SH-I,16,16,8803,8803,198
1291,%7EPP+Farming%7E,%7EPPs%7E,1,1,280,280,1048
1292,Welt+20%2F60+Top+5,TOP5,5,5,3294,3294,264
1293,Tal+der+St%C3%A4mme,Tds,5,5,4508,4508,223
1294,-+STT+-,STT,3,3,1389,1389,352
1296,Hood,-Hood-,6,6,4430,4430,239
1297,Neo+Chaos,-NC-,34,34,16518,16518,126
1298,thegr8est,gr8,28,28,22207,22207,90
1301,Gartenbau%2C+Alfred+Gurke,%7EGAG%7E,3,3,1397,1397,350
1303,Blizzard,Bzd,2,2,1448,1448,348
1304,Die+Schwarze+Garde,-SG-,1,1,986,986,394
1308,Haus+ohne+M%C3%A4nner,HoM,2,2,1456,1456,346
1310,guide,gd,23,23,13970,13970,143
1311,Nude,Nude,9,9,10596,10596,166
1313,So+what...%3F,What%3F,22,22,18572,18572,112
1314,Cyka,Cyka,2,2,681,681,487
1315,Waves,%7E%7E%7E,1,1,751,751,453
1316,13088,14451,1,1,386,386,838
1318,Placeholder,xxx,1,1,348,348,951
1320,HAUE,HAUE,11,11,6349,6349,213
1322,33399,84372,1,1,381,381,855
1323,20325,12301,1,1,468,468,683
1324,92769,31520,1,1,365,365,915
1326,72797,85784,1,1,385,385,844
1327,11350,86197,1,1,376,376,870
1329,93203,84337,1,1,624,624,519
1330,Die+Waltons,%2ADW%2A,4,4,2302,2302,291
1331,Die+Bierokraten,DB,1,1,876,876,420
1332,78504,57544,1,1,458,458,697
1335,Chuck+Norris,%7ECN%7E,2,2,1306,1306,358
1336,70862,35261,1,1,494,494,650
1339,Die+Legion,Legion,35,35,30198,30198,56
1340,too+big+to+fail,Fail,5,5,3879,3879,250
1343,-Equilibrium-,-EB-,3,3,2591,2591,285
1344,Azzlackz,Azzi,2,2,774,774,444
1345,FIES,FIES,3,3,934,934,404
1346,Trololol,Troll,1,1,254,254,1065
1349,%3D666%3D,%3D666%3D,1,1,501,501,643
1351,33055,73440,1,1,361,361,934
1353,pp-ams,ppa,6,6,2017,2017,307
1355,affen,asf,1,1,240,240,1077
1356,76258,30213,1,1,376,376,871
1357,Konya+Eregli+42,K-O-42,2,2,757,757,454
1358,Armee+der+Finsternis,-AdF-,1,1,804,804,435
1359,53223,71357,1,1,383,383,847
1360,HaZe,HaZe,33,37,54505,54505,15
1362,SpaceInvadors,%7ESI%7E,2,2,1112,1112,378
1364,25513,45273,1,1,333,333,975
1369,37883,73450,1,1,386,386,839
1370,79478,64794,1,1,368,368,910
1372,41191,68581,1,1,630,630,518
1373,50725,97457,1,1,355,355,902
1375,21840,47936,1,1,392,392,817
1376,33044,17023,1,1,392,392,818
1377,Fuck+This+World+Original,F.T.W,1,1,331,331,980
1378,42883,73902,1,1,606,606,539
1380,96506,31740,1,1,392,392,819
1383,28023,95917,1,1,383,383,848
1385,64150,54965,1,1,376,376,872
1387,D%C3%BCgle+el%C3%BCte,%5BDE%5D,4,4,2179,2179,295
1388,Bedrohlicher+Name,BN,1,1,669,669,494
1389,Honk+Killer,vollHo,1,1,688,688,488
1390,Noxian+Legion,NoL,36,36,18302,18302,113
1392,Hvgcgg,Nkbhvg,1,1,286,286,1053
1393,Nibelungen,Nib,1,1,955,955,403
1395,Derkomai,dracon,12,12,4091,4091,244
1396,46851,49029,1,1,536,536,590
1397,DreamTeam,M%2BS,3,3,3886,3886,248
1400,41801,60010,1,1,413,413,768
1402,48276,86816,1,1,720,720,468
1403,Noob_Elite,%7ENE%7E,2,2,894,894,414
1405,Die+b%C3%B6sen+D%C3%B6rfer,DBD,3,3,819,819,436
1406,Mimimimi,Milimi,1,1,683,683,483
1410,Baltics,Bts,3,3,1263,1263,360
1411,Scrubs,Scrubs,1,1,362,362,933
1412,Quest%2A%2A%2A,Quest%2A,1,1,388,388,828
1416,Falcon+Empire,F%3AC,1,1,279,279,1050
1417,dfgkfgk,gjfhtg,2,2,928,928,406
1418,75041,74176,1,1,319,319,1005
1419,LittUP,LTUP,1,1,238,238,1080
1420,10911,18988,1,1,343,343,957
1421,46739,83170,1,1,383,383,849
1424,%23Jokers,%5B%3F%5D,40,40,11994,11994,159
1425,The+Black+Ally,-TBA-,1,1,194,194,1119
1427,13957,86176,1,1,480,480,670
1428,Farm-Schlampe,Farmen,1,1,478,478,673
1431,Man+Of+War,MoW,20,20,13464,13464,148
1433,ProjectX,-PjtX-,34,34,18015,18015,116
1434,Survival+of+the+Littest,SotL,12,12,9340,9340,180
1435,48591,46218,1,1,312,312,1019
1436,Schwachkopf,Ryomo,1,1,646,646,505
1437,auf+stammsuche,as,1,1,496,496,658
1438,62339,39581,1,1,340,340,961
1439,30360,32085,1,1,780,780,440
1440,ZERST%C3%96RUNG,ZG,5,5,2860,2860,274
1441,King+of+Queens,KoQ,2,2,2187,2187,294
1442,Holzf%C3%A4llerhemden,HFH,3,3,2256,2256,293
1443,asfaa,asfasf,1,1,288,288,1042
1446,89448,65286,1,1,380,380,862
1447,7GaJ,7GaJ,1,1,77,77,1159
1448,20163,51757,1,1,709,709,473
1449,trooper,storm,1,1,238,238,1081
1451,Alone.,-ALO-,1,1,228,228,1089
1452,just+def,DEF,1,1,1164,1164,368
1453,hallo1,hallo1,1,1,240,240,1078
1454,ICHI,ICH,1,1,109,109,1151
1455,TIME,TIME,1,1,895,895,413
1459,%2AVae+Victis%2A,VVV,39,39,19704,19704,100
1460,47756,96459,1,1,481,481,668
1461,DieMauer,Wall,10,10,7821,7821,199
1462,Black+cat+army,Fuckju,2,2,523,523,609
1464,38625,49177,1,1,740,740,457
1465,93796,59244,1,1,374,374,888
1466,BBBBBBB,BBBB,1,1,364,364,921
1467,josn,jo,1,1,313,313,1017
1470,Waldkauz,Donner,1,1,73,73,1160
1472,Rising+Culture,R.,2,2,1909,1909,315
1473,Viking+Tribe,%7EVT%7E,23,23,9547,9547,179
1475,SaMuRai,SMR,2,2,433,433,725
1476,91607,62459,1,1,380,380,863
1477,24495,78511,1,1,453,453,702
1478,Die+Popopiraten,Popo,1,1,216,216,1100
1480,Dragonstone,DStone,3,3,742,742,458
1482,Dubios,Dub,1,1,728,728,462
1483,24657,42553,1,1,376,376,873
1485,Uniao+dos+Urubu,UDU,1,1,401,401,788
1488,Danger+Zone,%7E+DZ+%7E,1,1,271,271,1055
1490,910%7C367,Smooth,1,1,264,264,1059
1491,No+Name,%7ENoN%7E,21,22,39640,39640,31
1492,PP+Farmer+1,PPS1,1,1,529,529,614
1497,Wildsaukeilerbau,WSKB,1,1,372,372,896
1498,32501,42641,1,1,683,683,484
1500,34361,76848,1,1,515,515,620
1502,93856,54329,1,1,378,378,865
1503,Beese+Hondling,%7EBH%7E,1,1,407,407,777
1505,Absolut_Egal_inf_ohne_Ultimatum,AEIOU,18,18,5121,5121,230
1506,Wahnsinns+Truppe,%2AWT%2A,9,9,3900,3900,251
1509,KLeelatt,Klee,3,3,1224,1224,364
1510,Blutwursts,blut,1,1,421,421,750
1511,Click+to+grow,CTG,1,1,650,650,506
1512,Luchs+112,LUCHSE,1,1,272,272,1054
1513,93264,95956,1,1,520,520,622
1514,Darkness,-Dark-,5,5,1996,1996,310
1515,93699,66041,1,1,352,352,942
1519,R2D2,R2D2,1,1,643,643,517
1520,For+Honor,%2AEHRE%2A,18,18,13577,13577,146
1521,Ndjdndkd,frhdsv,1,1,285,285,1045
1522,Nur+f%C3%BCr+G%C3%A4ste,NfG,3,3,992,992,391
1524,Drachenkrieger,DRAKO,1,1,746,746,455
1526,lulu,lul,1,1,209,209,1106
1527,Eine+gr%C3%BCne+Wiese,Gr%C3%BCWi,1,1,572,572,553
1532,Hallucenation,Trippy,1,1,189,189,1123
1533,K%C3%B6nigreich+der+Verdammten%C2%B2,%7EKdV%C2%B2%7E,28,28,17550,17550,124
1534,Nur+wegen+der+Rohstoffe,-NWDR-,3,3,1667,1667,336
1535,Kaiserlich+Russische+Armee,-KRA-,28,28,13409,13409,149
1537,Forever+Alone,ALONE,1,1,374,374,903
1539,Hello+Darkness+my+old+Friend,Friend,1,1,958,958,397
1541,DFGDFG,DFGDFG,1,1,161,161,1141
1542,Morreu,Morreu,2,2,738,738,459
1543,H%C3%B6llen-Hunde,H-H,1,1,883,883,418
1544,18840,82824,1,1,403,403,785
1546,DommesShishaH%C3%BCtte,DSH,3,3,1313,1313,357
1547,15407,96264,1,1,381,381,874
1548,55170,68831,1,1,357,357,937
1550,63676,18464,1,1,647,647,504
1551,The+Anonymous,Anonym,14,14,5681,5681,221
1552,98999,88714,1,1,368,368,911
1554,72607,50414,1,1,376,376,875
1555,90663,98479,1,1,380,380,864
1557,Gemeinsam+statt+einsam%C2%B2,Gse%C2%B2,12,12,10746,10746,165
1558,14261,23061,1,1,500,500,648
1559,Anf%C3%A4ngerf%C3%A4nger,%5BAF%5D,7,7,2777,2777,276
1560,57355,50501,1,1,381,381,856
1561,McDonalds,-MC-,9,9,6001,6001,216
1562,Das+Haus+Stark,DHS,24,24,9646,9646,177
1564,Killer+Bunnys,%7EKB%7E,21,21,9284,9284,181
1566,77970,42060,1,1,468,468,688
1567,70465,97027,1,1,369,369,907
1568,Regelm%C3%A4%C3%9Fig+Aktive+Farmer,RAF,2,2,910,910,410
1569,Ostfriesland,East,1,1,227,227,1092
1571,In.Love,I.L,1,1,268,268,1057
1572,Eigenbr%C3%B6tler,EB,1,1,527,527,601
1573,Zauberhunde,Magie,2,2,716,716,482
1574,99580,14435,1,1,388,388,829
1576,Die+Sammler,DS%7E,1,1,402,402,800
1577,38892,65723,1,1,436,436,722
1578,15818,85477,1,1,343,343,958
1579,Ois+easy,Oib,1,1,207,207,1108
1580,Oriannas+Red+Light+District,ORLD,2,2,718,718,469
1581,UGeschwader,1.+UG,1,1,1388,1388,351
1582,Die+Olsenbande,DOB,20,20,15704,15704,131
1584,Ja+geil,JG,2,2,473,473,677
1585,Real+friends+gg,Ficken,3,3,1435,1435,349
1586,11695,89555,1,1,372,372,897
1587,Spassteam,Spass,1,1,330,330,982
1591,Trinkerkollegen+kloppen+grundlos,TKKG,2,2,1229,1229,363
1592,24240,20654,1,1,398,398,797
1594,weqr,wqe,1,1,282,282,1046
1595,26541,23554,1,1,444,444,718
1597,W82+Recoming,PUSH82,21,21,5397,5397,225
1598,16637,13592,1,1,633,633,513
1599,Schattenw%C3%B6lfe,%7ESW%7E,5,5,1967,1967,311
1600,adsasd,asdasd,2,2,462,462,689
1601,102boyz,102,1,1,175,175,1133
1602,Blackjack,%7EB%7EJ%7E,11,11,7586,7586,201
1603,Wir+k%C3%B6nnen+nix,NOOBS,5,5,1106,1106,380
1604,66122,15657,1,1,386,386,840
1606,21735,85246,1,1,370,370,904
1607,Teufelchen,Dw4Z,33,33,17590,17590,121
1608,54908,21746,1,1,718,718,470
1610,52717,82096,1,1,636,636,511
1611,43273,45584,1,1,706,706,474
1613,87884,13319,1,1,372,372,898
1615,38624,22599,1,1,663,663,495
1616,Never+Walk+Alone,NWA,2,2,996,996,390
1617,Sons+of+Anarchy,SoA,30,30,33959,33959,43
1618,RobbyBubble,-Fu-,6,6,1845,1845,321
1619,Together,TO,1,1,478,478,674
1620,%C3%9C+30,%C3%9C30,8,8,5527,5527,224
1621,Heinz,Hz,1,1,610,610,538
1622,Das+galvanische+Element,DgE,3,3,1357,1357,354
1623,klugheim,%7Eklug%7E,1,1,431,431,753
1624,Targaryen,-%7C3%7C-,2,2,787,787,442
1625,F%C3%BCr+Quest,F%C3%BCr+Qu,1,1,1008,1008,387
1626,Old+School+Fighter%C2%B2,%7EOSF%C2%B2%7E,24,24,20570,20570,98
1630,80992,95656,1,1,375,375,884
1631,25651,74109,1,1,648,648,514
1636,H%C3%B6ppelep%C3%B6pp,H%C3%B6p%C3%B6pp,6,6,2163,2163,299
1637,78841,99162,1,1,412,412,778
1638,Die+mit+dem+gr%C3%B6%C3%9Ften+Knall,Torgue,2,2,793,793,438
1639,FAUST,FAUST,15,15,15301,15301,135
1641,DARKMO,%7E%7CDK%7C%7E,25,25,7341,7341,204
1643,RLP-Ritter,%2BRLP%2B,1,1,429,429,730
1644,bobomko,bok,1,1,281,281,1047
1646,21044,83730,1,1,381,381,857
1647,Bad+Luck,%7EBL%7E,1,1,327,327,995
1648,Skill%7ERules,S%7ER,18,18,9486,9486,178
1649,Werte+mit+Balls,WmB,7,7,2928,2928,271
1650,HORST,HORST,1,1,429,429,731
1657,asgg,asg,1,1,107,107,1152
1658,premium,pa,1,1,318,318,1010
1659,dddddd,ddddd,1,1,52,52,1167
1661,98715,28777,1,1,356,356,939
1662,53333,14550,1,1,369,369,908
1664,Oh...,Oh....,1,1,561,561,568
1667,48645,94666,1,1,373,373,893
1668,Wahre+Helden,W-H,5,5,2324,2324,292
1669,fdsafdsafsda,fdasfa,1,1,158,158,1143
1670,H%C3%BCber+contech,Roger,1,1,50,50,1168
1672,28620,98902,1,1,364,364,922
1674,10589,30709,1,1,398,398,798
1675,81113,59953,1,1,363,363,929
1676,63641,91550,1,1,387,387,850
1679,Beerpong,Beer,2,2,619,619,521
1680,79780,92362,1,1,363,363,930
1682,PemiumPungte,PeP,1,1,434,434,723
1686,EwigeJagdgr%C3%BCnde,Valley,1,1,292,292,1038
1687,-+DRUIDS+-,DRUID,14,14,22364,22364,88
1688,97108,54502,1,1,375,375,885
1689,86544,38366,1,1,610,610,530
1691,13977,38109,1,1,263,263,1060
1696,dass,das,1,1,377,377,900
1698,Flaggen+Tauschen+Will+ich+Hier,FS,2,2,718,718,471
1702,67829,11941,1,1,352,352,943
1703,59807,26276,1,1,351,351,947
1704,93201,66354,1,1,381,381,876
1706,CHeersWArs,CHW,4,4,842,842,431
1707,PremiumFarm,-%2AP%2A-,2,2,873,873,428
1708,Farmen,farm3n,3,3,947,947,401
1709,WipeOut+-+Wing,WIPE%C2%B2,9,9,5768,5768,218
1711,33315,18217,1,1,352,352,944
1712,33987,71484,1,1,370,370,905
1713,52877,82417,1,1,423,423,742
1714,82358,54914,1,1,361,361,935
1715,Blinde-Passanten,B-P,1,1,561,561,576
1716,ti7i7,ti77i6,1,1,337,337,970
1719,Helden,Held,1,1,345,345,955
1720,Nameless%C2%B2,Name%C2%B2,17,17,15688,15688,130
1721,The+Rock,-TR-,2,2,909,909,411
1725,grenzenlos,gl,1,1,1121,1121,377
1727,29661,49445,1,1,375,375,886
1728,90760,70753,1,1,340,340,962
1729,21815,86239,1,1,357,357,938
1731,13407,53535,1,1,376,376,877
1732,Eibert,EIB,1,1,322,322,1001
1733,Parabellum,%7EPB%7E,1,1,327,327,996
1734,50996,80869,1,1,376,376,878
1735,Bashkonto,-Kto-,2,2,6029,6029,217
1736,76195,16894,1,1,376,376,879
1738,78989,67903,1,1,365,365,916
1739,32578,51709,1,1,381,381,858
1741,Premium+Gauner,Gauner,1,1,136,136,1147
1742,High+Quality%2A,HQ%2A,3,3,2538,2538,284
1744,Ringgeister,RG,3,3,2090,2090,303
1746,twetwet,wetwt,1,1,206,206,1110
1748,Defender,Deff,15,15,6045,6045,212
1749,76380,58827,1,1,381,381,859
1751,TheImpros,TIS,1,1,304,304,1027
1753,88223,65331,1,1,330,330,983
1756,Tankmk+Ritter+der+Kokusnuss,TUDRDK,1,1,26,26,1175
1757,TTTT,TT,1,1,370,370,906
1758,79633,48394,1,1,351,351,948
1759,llllll,llllll,4,4,537,537,589
1761,32049,66307,1,1,308,308,1025
1762,27057,24133,1,1,376,376,880
1763,37782,77925,1,1,313,313,1018
1764,97133,49301,1,1,376,376,917
1766,75398,28009,1,1,237,237,1082
1767,97339,48760,1,1,365,365,918
1768,27683,67279,1,1,338,338,966
1769,59827,59074,1,0,189,189,1124
1771,Basher+Company,Bc,1,1,214,214,1102
1772,72914,24844,1,1,339,339,964
1773,TimetoBash,TtB,5,5,3613,3613,258
1774,Badass+Stamm,BAS,2,2,665,665,498
1776,Lndmdk,Evtsch,1,1,198,198,1118
1777,74416,67986,1,1,330,330,984
1778,ajax,ajax,1,1,434,434,732
1779,81448,82609,1,1,351,351,949
1780,Farming+United,FU,1,1,160,160,1142
1781,36708,24292,1,1,330,330,985
1782,47842,55744,1,1,335,335,972
1783,Stamm01,S-1,5,5,1102,1102,381
1784,52417,69641,1,1,381,381,860
1785,79942,70875,1,1,352,352,945
1791,86739,99126,1,1,338,338,967
1793,62735,47103,1,1,365,365,923
1794,Morali,M-O,3,3,1639,1639,335
1796,Die+Deutsche+Rebellion,%5DDDR%5B,10,10,5796,5796,227
1797,1%2C2%2C3+NASE,1%2C2%2C3,1,1,382,382,889
1798,99813,16205,1,1,343,343,959
1800,Ameisen,Am,1,1,187,187,1125
1802,Extrem+Noobing,E-NOOB,6,6,1762,1762,325
1803,BadBoys,BB,3,3,660,660,499
1806,.....,.....,5,5,4656,4656,236
1807,54758,75374,1,1,330,330,986
1809,R%C3%A4cher+der+Geerbten,RdG,1,1,347,347,952
1810,31863,95320,1,1,663,663,496
1813,DonsStamm,DoSt,1,1,318,318,1011
1818,Cenzo,Cenzo,2,2,701,701,481
1819,Trojas+S%C3%B6hne,TS,1,1,295,295,1035
1825,Goten,Goten,1,1,103,103,1155
1827,Die+Germanen,DGM,1,1,374,374,890
1828,12038,41421,1,1,330,330,987
1829,Stamm+der+St%C3%A4mme,SDS,3,3,609,609,763
1831,81277,47488,1,1,338,338,988
1832,Der+osmane,IYI,2,2,387,387,830
1833,77994,86321,1,1,340,340,963
1834,Warriors+of+the+World,WotW,19,19,8404,8404,194
1836,HOFIS,HOFIS,1,1,285,285,1049
1839,31171,47714,1,1,332,332,979
1842,Binwiederda,Bwd,1,1,469,469,694
1843,Heiland,12,1,1,65,65,1161
1849,DIE+DOTHRAKI,REITER,1,1,115,115,1150
1851,85213,90447,1,1,319,319,1006
1852,898989,898989,1,1,182,182,1129
1854,15656,86252,1,1,351,351,960
1855,Back+to+the+Roots,Bttr,7,7,3791,3791,254
1856,The+LEGION,LGN,1,1,253,253,1066
1859,kkkkkkk,kkk,1,1,255,255,1071
1860,Brotherhood+of+Steel,%7EBoS%7E,3,3,1540,1540,340
1861,Bonobos,xBOBx,3,3,927,927,408
1865,PP+wird+gefarmt,farmPP,1,1,331,331,999
1867,Legend,LG,1,1,190,190,1121
1869,20953,35155,1,1,327,327,997
1870,Bravehard,legend,1,1,136,136,1148
1871,Testttt,Testtt,1,1,223,223,1097
1873,26977,99908,1,1,274,274,1052
1875,Schattenkrieger,Ghosts,4,4,1760,1760,328
1876,WolfWorriers,WW,1,1,572,572,554
1877,haribo,haribo,1,1,385,385,866
1879,43104,38271,1,1,339,339,968
1880,61377,23068,1,1,319,319,1007
1881,Hondarat,Heute,1,1,623,623,531
1884,95100,59769,1,1,343,343,989
1885,10111,67320,1,1,330,330,1002
1886,43280,76947,1,1,300,300,1029
1887,29308,19894,1,1,678,678,490
1889,66387,10942,1,1,311,311,1021
1890,15583,75825,1,1,330,330,990
1891,45381,10891,1,1,329,329,1012
1892,13603,53336,1,1,330,330,991
1893,78574,94450,1,1,319,319,1008
1894,81952,38056,1,1,330,330,992
1895,35561,43850,1,1,322,322,1003
1896,Madness,MAD,1,1,211,211,1104
1897,86304,35995,1,1,303,303,1039
1900,40731,43872,1,1,300,300,1030
1901,53006,22802,1,1,335,335,973
1902,58949,62563,1,1,322,322,1004
1903,Special+Snowflakes,SS,1,1,414,414,765
1904,WhosYourDaddy,baba,1,1,174,174,1135
1905,17856,78675,1,1,300,300,1031
1908,46965,46527,1,1,330,330,993
1910,Nackenklatscher,%3D%5DNK%5B%3D,4,4,898,898,415
1911,Triple+X,xXxxXx,1,1,222,222,1098
1915,Glbvcj,Cfvghb,1,1,330,330,994
1917,Der+Tempelorden,%7EDTO%7E,16,16,4750,4750,237
1918,Gummib%C3%A4renbande,GB,16,16,5197,5197,226
1919,Lannister,Lion,1,1,373,373,894
1920,Vereinigung+der+Gezeiten,VdG,4,4,1318,1318,356
1921,Exsodus,EXD,3,3,641,641,508
1922,Daddeln,D%21,1,1,435,435,758
1923,JOKER%3F,%2A%2A%3F%2A%2A,24,24,8620,8620,189
1925,BC4Life,%7EBC%7E,9,9,3907,3907,249
1926,Feral+Crooks,%7CFC%7C,1,1,199,199,1116
1927,mnm0,nmn,1,1,228,228,1090
1929,0815,asdfg,1,1,221,221,1099
1931,70255,20837,1,1,311,311,1022
1932,%2A%7E1%7E%2A,%7COne%7C,1,1,156,156,1144
1933,RESPEKT,%21RSP%21,1,1,676,676,491
1934,Bodenseepiraten,-BSP-,3,3,573,573,574
1935,Legendary,%7ELD%7E,1,1,692,692,489
1937,Golgurs+Army,Wert,1,1,172,172,1138
1938,DarkKnights,%7EDK%7E,2,2,708,708,480
1939,Premium-Points-Farmer,%2APPF%2A,1,1,354,354,941
1940,c%2A2%3D6,c%3D%3D%3D3,1,1,54,54,1163
1943,32932,29527,1,1,300,300,1032
1944,Teutonen,TEU,1,1,257,257,1073
1945,ahaj,aj,1,1,338,338,969
1946,Hoot,Hoot,1,1,249,249,1072
1947,Drachenlord-Gang,D_G,2,2,704,704,475
1948,1241,124,1,1,171,171,1139
1950,Hggg,Wos+zz,2,2,462,462,690
1951,dyrhg,hhh,1,1,208,208,1107
1953,34813,83176,1,1,251,251,1070
1954,41419,55796,1,1,402,402,787
1957,EVIL-VOICE,EVE,2,2,946,946,405
1959,Moin,R3gn3a,1,1,260,260,1061
1960,Die+gesandten+Odins,DgO,1,1,105,105,1156
1961,Lost+Member,%7ELM%7E,1,1,360,360,946
1962,NEUFUNDLAND,-NFL-,4,4,856,856,425
1963,Chaotica,Cha,1,1,301,301,1043
1964,United+we+stand%2Cdivided+we+fall,-UTD-,3,3,1750,1750,330
1965,Kampffront+des+Westens,%2AKdW%2A,1,1,203,203,1115
1966,Outer+Rim,RAND,1,1,226,226,1093
1967,Bundesnachrichtendienst,BND,2,2,529,529,615
1968,Crack,Cracwh,1,1,207,207,1109
1969,phonefamily,phony,1,1,216,216,1101
1970,Allianz,%3DA%3D,4,4,779,779,551
1971,TogetherEveryoneAchievesMore+II,TEAM%C2%B2,11,11,9913,9913,172
1972,Name,Tag,1,1,210,210,1105
1973,Arzkl%C3%B6jg,Gj7jf,1,1,206,206,1111
1974,Lamas+mit+H%C3%BCten,Lama,7,7,1927,1927,317
1976,Survival+of+Ranked+Games,SoRG,2,2,398,398,809
1977,Are+you+sure%3F,%3F%3F%3F,1,1,219,219,1112
1978,28275,30718,1,1,255,255,1063
1979,48626,60739,1,1,253,253,1067
1980,14970,61684,1,1,253,253,1068
1981,88782,50179,1,1,255,255,1064
1984,Jens+der+schreckliche,der+gr,1,1,104,104,1154
1985,True+Love+x3,Feldii,1,1,193,193,1128
1986,Cerambycidae,Ceby,4,4,728,728,485
1989,37938,29731,1,1,246,246,1079
1992,Uchiha,-U-,2,2,443,443,713
1995,Freies+Kaugummi+Kauen,%7EFKK%7E,2,2,662,662,510
1997,Time+Killer,TK,1,1,331,331,981
1998,The+New+Empire+of+Men,Empire,5,5,1014,1014,399
1999,Zero+Fucks,ZF,4,4,741,741,745
2002,Die+Camper,DC,2,2,376,376,881
2003,Die+Doofies,D+D,2,2,540,540,616
2004,Kypton,KPN,4,4,843,843,434
2005,GER_BO,German,2,2,367,367,1126
2006,Valyrer,Vlr,2,2,474,474,680
2008,Quest-Erf%C3%BCller,QE,1,1,190,190,1122
2009,hakunamatata,HM,3,3,447,447,743
2010,27706,61592,1,1,237,237,1086
2011,92548,17594,1,1,240,240,1084
2012,27452,85443,1,1,232,232,1087
2013,64284,59350,1,1,229,229,1088
2015,89856,89988,1,1,224,224,1095
2016,25384,46795,1,1,224,224,1096
2017,Valhalla,VHL,1,1,199,199,1117
2019,Wolfsbr%C3%BCder,%2AW%7EB%2A,7,7,2196,2196,297
2020,%C3%9Cbel+und+Gef%C3%A4hrlich,%C3%9Cbel,2,2,467,467,1094
2021,51395,99269,1,1,419,419,773
2022,The+Dark+Knights,-TDK-,1,1,62,62,1162
2024,Easy,2EZ,1,1,322,322,1016
2025,STOP+IT,-SI-,4,4,1042,1042,579
2026,Haze199722,Hase97,1,1,183,183,1131
2027,Fusion,Fusion,1,1,177,177,1177
2028,Daffy+Duck,Daffy,1,1,3471,3471,1178
2029,Die+Einheit,_DH_,1,1,386,386,1179
